218911111136
218911111134
218911111137
218919100020
218919191919
+218 91 221 5115
+218 21 234 5678
(919) 100-007
218919100007
218911111135
218919191912
218919191919
218916157516
218916157589
218916157519
218916157556
218916157556
218916157556
218916157557
218916157557
218916157558
218916157558
218916157558
218916157558
218916157559
218916157558
218916157559
218916157558
218916157559
218916157558
218916157559
218916157558
218916157559
218916157558
218916157559
218916157558
218916157559
218916157558
218916157559
218916157558
218916157559
218916157558
218916157559
218916157558
218916157559
218916157558
218916157559
218916157558
218916157559
218916157559
218916157559
218916157559
218916157558
218916157559
218916157559
218916151234
218916151235
218916151234
218916151235
218916151234
218916151235
218916157558